702
108 109 4799
109 108 4799
119 122 1547
122 119 1547
165 169 2605
169 165 2605
180 181 562
180 4502 3603
181 180 562
228 255 1300
255 228 1300
279 281 9490
281 279 9490
1901 1927 353
1927 1901 353
1930 1934 353
1934 1930 353
2158 2161 1406
2161 2158 1406
4502 180 3603
5707 5709 2089
5709 5707 2089
5748 5768 4334
5768 5748 4334
5819 5820 1920
5820 5819 1920
6234 6235 13581
6235 6234 13581
6906 6908 106
6908 6906 106
6930 6932 3296
6932 6930 3296
7153 7191 5955
7171 7174 1480
7174 7171 1480
7191 7153 5955
7689 7715 4906
7705 7706 3288
7706 7705 3288
7715 7689 4906
7903 34199 1519
7932 7934 2434
7934 7932 2434
7964 8294 4253
8294 7964 4253
8332 16729 1845
8464 8470 977
8470 8464 977
9153 9154 799
9154 9153 799
9205 9211 801
9211 9205 801
9428 9432 3502
9432 9428 3502
9674 9700 3068
9700 9674 3068
9805 9806 449
9806 9805 449
9810 9811 7384
9811 9810 7384
9875 10453 1128
10453 9875 1128
10463 10465 315
10465 10463 315
10490 10537 244
10537 10490 244
10538 10656 302
10656 10538 302
10844 10845 4031
10845 10844 4031
11063 11065 11948
11065 11063 11948
11164 233639 9170
11170 233601 2789
12094 13910 2212
12314 12316 1085
12316 12314 1085
12641 12643 336
12643 12641 336
12673 12676 1004
12676 12673 1004
13294 13295 1055
13295 13294 1055
13409 13415 769
13415 13409 769
13910 12094 2212
13940 13964 2346
13944 13945 3016
13945 13944 3016
13945 13946 981
13946 13945 981
13964 13940 2346
14090 14092 1167
14092 14090 1167
14097 14137 1257
14130 14139 7681
14137 14097 1257
14139 14130 7681
14202 14207 1457
14207 14202 1457
16729 8332 1845
22969 29647 1571
23672 23675 639
23675 23672 639
24027 25151 869
25151 24027 869
26334 26335 557
26335 26334 557
26345 26347 605
26347 26345 605
26354 26486 373
26486 26354 373
27155 27159 581
27159 27155 581
27382 27404 1070
27404 27382 1070
27630 27643 219
27643 27630 219
27788 28121 3513
28030 28500 2006
28121 27788 3513
28149 28153 947
28149 28154 2093
28151 28156 1009
28153 28149 947
28154 28149 2093
28156 28151 1009
28215 28222 336
28217 28219 782
28219 28217 782
28220 28221 713
28221 28220 713
28222 28215 336
28280 28289 782
28289 28280 782
28372 28460 871
28460 28372 871
28500 28030 2006
28510 28532 435
28532 28510 435
29475 32441 527
29513 35008 2431
29647 22969 1571
30884 34185 17620
30899 30932 2099
30932 30899 2099
31097 31099 607
31099 31097 607
31394 31395 747
31395 31394 747
32129 32130 846
32130 32129 846
32412 32430 3154
32430 32412 3154
32441 29475 527
34185 30884 17620
34199 7903 1519
35008 29513 2431
35539 35540 1811
35540 35539 1811
35541 42200 4046
35565 35566 3635
35566 35565 3635
36137 36153 1008
36153 36137 1008
36157 36163 1445
36163 36157 1445
36297 36301 1254
36301 36297 1254
36427 36444 1146
36444 36427 1146
36448 36450 809
36449 36510 344
36450 36448 809
36475 36477 605
36477 36475 605
36510 36449 344
36638 36639 757
36639 36638 757
37312 37314 421
37314 37312 421
37383 37386 818
37386 37383 818
37388 37523 884
37523 37388 884
37525 37534 3382
37534 37525 3382
37535 37559 6041
37559 37535 6041
37573 37578 562
37578 37573 562
37597 38165 1141
38159 38168 336
38160 38162 629
38162 38160 629
38165 37597 1141
38168 38159 336
38184 38201 276
38194 38208 751
38195 38196 677
38196 38195 677
38201 38184 276
38208 38194 751
38355 38360 983
38360 38355 983
38362 38409 4072
38409 38362 4072
38427 38428 1307
38428 38427 1307
39134 39135 336
39135 39134 336
39139 39140 2645
39140 39139 2645
39214 39434 84
39309 39505 420
39385 39415 474
39413 39414 2757
39414 39413 2757
39415 39385 474
39434 39214 84
39438 39443 71
39443 39438 71
39454 39477 373
39477 39454 373
39478 39480 168
39480 39478 168
39505 39309 420
39846 39851 1114
39851 39846 1114
40187 41681 7168
41681 40187 7168
41714 41715 1434
41715 41714 1434
41747 41771 1027
41771 41747 1027
41791 41794 5105
41794 41791 5105
41816 41817 3826
41817 41816 3826
41978 41979 2682
41979 41978 2682
41982 41987 1612
41987 41982 1612
42027 42070 3204
42070 42027 3204
42142 42143 782
42143 42142 782
42156 42180 2141
42180 42156 2141
42200 35541 4046
42214 42215 9974
42215 42214 9974
46327 49570 2051
49570 46327 2051
49807 94085 403
50877 50884 1354
50884 50877 1354
52589 52590 1410
52590 52589 1410
53757 53760 6069
53760 53757 6069
53764 53766 1260
53766 53764 1260
54756 54758 1947
54758 54756 1947
56600 56601 597
56601 56600 597
60053 60349 4269
60349 60053 4269
60392 60396 3631
60396 60392 3631
60567 60578 344
60571 60572 1936
60572 60571 1936
60578 60567 344
66854 66860 1956
66860 66854 1956
67245 67283 2872
67283 67245 2872
67298 67299 452
67299 67298 452
67439 67458 2497
67458 67439 2497
67578 68225 709
68201 68204 1439
68204 68201 1439
68225 67578 709
68304 68305 1632
68305 68304 1632
68405 68878 1716
68878 68405 1716
71853 71854 1162
71854 71853 1162
72039 72040 1124
72040 72039 1124
72081 72083 3454
72083 72081 3454
72119 72120 782
72120 72119 782
72124 72125 404
72125 72124 404
72225 72251 1778
72251 72225 1778
72262 72263 2371
72263 72262 2371
72294 72675 1189
72294 72686 874
72339 72340 811
72340 72339 811
72359 72520 3386
72520 72359 3386
72522 72523 1664
72523 72522 1664
72675 72294 1189
72686 72294 874
73046 73051 7762
73051 73046 7762
92595 92599 1827
92599 92595 1827
92692 92695 3957
92695 92692 3957
92698 92705 1457
92705 92698 1457
92780 92788 168
92788 92780 168
92867 92880 1396
92880 92867 1396
93236 93239 2005
93239 93236 2005
93300 93304 4378
93304 93300 4378
93584 93585 905
93585 93584 905
93659 93690 4023
93690 93659 4023
93965 93971 929
93971 93965 929
94085 49807 403
94536 94537 1702
94537 94536 1702
95809 98379 238
98356 98357 3085
98357 98356 3085
98379 95809 238
98379 98440 4240
98440 98379 4240
98548 98549 480
98549 98548 480
98572 98577 1680
98577 98572 1680
98759 98784 1811
98784 98759 1811
101054 101055 1422
101055 101054 1422
101358 101373 8214
101373 101358 8214
101576 122705 355
101625 101629 674
101629 101625 674
101643 122597 4545
104979 104987 1115
104984 104985 927
104985 104984 927
104987 104979 1115
105200 105258 1022
105258 105200 1022
105279 105281 139
105281 105279 139
106950 106953 2086
106953 106950 2086
107014 107016 238
107016 107014 238
107300 107325 1257
107325 107300 1257
116090 116095 182
116095 116090 182
116450 116455 1041
116455 116450 1041
116543 118390 536
118032 118035 2759
118035 118032 2759
118037 118042 2015
118042 118037 2015
118055 118057 374
118057 118055 374
118259 118270 5318
118270 118259 5318
118390 116543 536
120151 120152 3759
120152 120151 3759
120183 120184 4464
120184 120183 4464
120201 120203 1400
120203 120201 1400
120260 124762 5140
122597 101643 4545
122631 122632 926
122632 122631 926
122705 101576 355
124126 124139 928
124139 124126 928
124143 124255 697
124255 124143 697
124319 124320 673
124320 124319 673
124324 124331 949
124331 124324 949
124333 124334 4033
124334 124333 4033
124335 124337 3704
124337 124335 3704
124340 124365 1949
124365 124340 1949
124369 124379 1147
124379 124369 1147
124397 124523 3767
124523 124397 3767
124570 124573 1726
124573 124570 1726
124762 120260 5140
132196 132279 2285
132279 132196 2285
132629 132635 1161
132635 132629 1161
132636 132637 610
132637 132636 610
132654 249015 823
132663 132665 1336
132665 132663 1336
133115 133117 1467
133117 133115 1467
133119 133135 403
133135 133119 403
133137 133309 5792
133309 133137 5792
133351 133393 475
133354 133355 1031
133355 133354 1031
133379 133399 884
133393 133351 475
133399 133379 884
133399 133437 904
133401 133445 747
133437 133399 904
133444 133446 884
133445 133401 747
133446 133444 884
133449 133450 747
133450 133449 747
133451 133461 818
133461 133451 818
133463 133477 847
133477 133463 847
133751 133752 747
133752 133751 747
133758 133759 747
133759 133758 747
133840 133841 2299
133841 133840 2299
133851 133853 750
133853 133851 750
133856 134003 557
134003 133856 557
134025 134026 951
134026 134025 951
134039 134040 975
134040 134039 975
134080 134090 557
134080 134106 1366
134089 134094 1657
134090 134080 557
134094 134089 1657
134106 134080 1366
134122 134132 1569
134132 134122 1569
139801 139804 835
139804 139801 835
139963 139964 173
139964 139963 173
140562 140564 777
140564 140562 777
140797 140798 774
140798 140797 774
140807 140808 760
140808 140807 760
140813 140816 787
140816 140813 787
140832 140833 776
140833 140832 776
142363 146006 249
143287 146002 894
144182 144192 38
144192 144182 38
145346 145347 299
145347 145346 299
145969 145971 1180
145971 145969 1180
145971 145972 1999
145972 145971 1999
145972 145978 1056
145977 146000 1142
145978 145972 1056
145979 145980 1120
145980 145979 1120
145997 145998 1067
145998 145997 1067
146000 145977 1142
146002 143287 894
146006 142363 249
150388 198839 6211
151383 151384 862
151384 151383 862
151410 151411 459
151411 151410 459
151429 151437 801
151437 151429 801
151444 151506 962
151506 151444 962
151517 151528 524
151518 151529 831
151528 151517 524
151529 151518 831
151543 151548 2439
151544 151549 3133
151548 151543 2439
151549 151544 3133
151551 151552 712
151552 151551 712
151553 151555 1577
151555 151553 1577
152114 152122 905
152122 152114 905
152129 152130 139
152130 152129 139
152147 152148 238
152148 152147 238
153995 153996 355
153996 153995 355
154038 154039 202
154039 154038 202
154508 154521 1353
154517 154518 1261
154518 154517 1261
154521 154508 1353
159369 159370 1906
159370 159369 1906
160314 169394 610
161343 161344 2167
161344 161343 2167
161605 161606 1746
161606 161605 1746
162465 162466 610
162466 162465 610
162560 162561 763
162561 162560 763
162681 162682 238
162682 162681 238
162802 214247 1007
162809 162810 238
162810 162809 238
162813 162823 202
162823 162813 202
162870 162871 111
162871 162870 111
163927 163928 137
163928 163927 137
163949 163950 221
163950 163949 221
164116 214265 805
167826 168317 1705
168259 168260 832
168260 168259 832
168282 168294 506
168294 168282 506
168317 167826 1705
168326 168350 600
168350 168326 600
168361 168397 422
168397 168361 422
168548 168562 818
168550 168551 688
168551 168550 688
168562 168548 818
169393 169440 559
169394 160314 610
169437 169439 368
169439 169437 368
169440 169393 559
169744 169746 139
169746 169744 139
169751 169752 2557
169752 169751 2557
170562 170695 337
170690 170693 1065
170693 170690 1065
170695 170562 337
186640 189663 486
187087 187088 1133
187088 187087 1133
189663 186640 486
194833 194834 955
194834 194833 955
194967 213948 585
195368 195373 2682
195373 195368 2682
195376 195426 867
195377 195442 750
195426 195376 867
195442 195377 750
196289 196290 807
196290 196289 807
196305 196309 894
196306 196318 656
196309 196305 894
196318 196306 656
196319 196321 1534
196320 196325 962
196321 196319 1534
196325 196320 962
196816 196819 757
196819 196816 757
196876 196912 337
196912 196876 337
197221 197236 755
197222 197238 866
197236 197221 755
197238 197222 866
197239 197241 927
197241 197239 927
197267 197270 839
197270 197267 839
198839 150388 6211
201808 214400 4209
201960 209732 569
201962 201963 1803
201963 201962 1803
207785 207786 1392
207786 207785 1392
207842 214314 1850
209732 201960 569
209893 209898 2551
209898 209893 2551
212038 212040 608
212040 212038 608
212102 212119 1879
212116 212119 965
212119 212102 1879
212119 212116 965
212120 212231 2554
212150 212152 2063
212151 212152 834
212152 212150 2063
212152 212151 834
212153 212157 1963
212155 214459 481
212157 212153 1963
212158 212159 1963
212159 212158 1963
212162 212163 1512
212163 212162 1512
212165 212168 1173
212168 212165 1173
212231 212120 2554
212237 212434 2865
212243 212244 965
212244 212243 965
212274 212286 1171
212286 212274 1171
212321 212326 607
212324 212341 1328
212326 212321 607
212340 214512 1552
212341 212324 1328
212434 212237 2865
213813 213884 1339
213875 213881 941
213881 213875 941
213882 213897 433
213884 213813 1339
213897 213882 433
213911 213943 522
213943 213911 522
213948 194967 585
213953 213955 897
213955 213953 897
213998 214239 1256
214012 214240 1113
214239 213998 1256
214240 214012 1113
214247 162802 1007
214265 164116 805
214314 207842 1850
214400 201808 4209
214459 212155 481
214512 212340 1552
233426 233428 562
233428 233426 562
233601 11170 2789
233639 11164 9170
249015 132654 823
253518 253522 2387
253522 253518 2387
